[名称]查询软件版本
[请求帧]55 AA 06 00 01 01 00 0B E0 01 C5 D3 

[名称]设置通道1使能
[请求帧]55 AA 08 00 01 50 00 0B 06 00 01 01 F4 D0 


[名称]读取通道1使能状态
[请求帧]55 AA 07 00 01 41 00 0B 1C 00 01 1D F3 


[名称]设置通道1不使能
[请求帧]55 AA 08 00 01 52 00 0B 06 00 01 00 16 D0 

[名称]设置通道1不使能
[请求帧]55 AA 08 00 01 52 00 0B 06 00 01 00 16 D0 

[名称]设置通道2使能
[请求帧]55 AA 08 00 01 50 03 0B 06 00 02 01 F4 13 


[名称]读取通道2使能状态
[请求帧]55 AA 07 00 01 41 10 0B 1C 00 02 9C 31 


[名称]设置通道2不使能
[请求帧]55 AA 08 00 01 51 03 0B 06 00 02 00 25 13 

[名称]设置通道3使能
[请求帧]55 AA 08 00 01 51 04 0B 06 00 03 01 E4 F4 

[名称]设置通道3不使能
[请求帧]55 AA 08 00 01 52 04 0B 06 00 03 00 16 34 


[名称]设置通道4使能
[请求帧]55 AA 08 00 01 51 00 0B 06 00 04 01 E7 40 


[名称]设置通道4不使能
[请求帧]55 AA 08 00 01 53 00 0B 06 00 04 00 05 40 

[名称]获取通道1当前温度
[请求帧]55 AA 07 00 01 A0 00 0B 0B 00 01 BA 46 


[名称]获取通道2当前温度
[请求帧]55 AA 07 00 01 A0 20 0B 0B 00 02 7B 80 


[名称]获取通道3当前温度
[请求帧]55 AA 07 00 01 A1 22 0B 0B 00 03 C2 51 


[名称]获取通道4当前温度
[请求帧]55 AA 07 00 01 A1 00 0B 0B 00 04 7B 94 

[名称]设置4通道目标温度-35度
[请求帧]55 AA 0B 00 01 45 01 0B 05 00 04 AC 0D 00 00 4E 48 
设置70度 55 AA 0B 00 01 45 01 0B 05 00 04 58 1B 00 00 9D BC 

[名称]获取4通道目标温度
[请求帧]55 AA 07 00 01 46 01 0B 0A 00 04 00 43 
55 AA 06 00 02 46 01 01 0A 00 DE B1 
55 AA 0C 00 03 46 01 01 0A 00 00 04 D0 07 00 00 EB A6 

[名称]设置3通道目标温度-8度
[请求帧]55 AA 0B 00 01 46 13 0B 05 00 03 20 03 00 00 94 74 


[名称]获取3通道目标温度
[请求帧]55 AA 07 00 01 47 13 0B 0A 00 03 F8 53 

[名称]设置2通道目标温度-3度
[请求帧]55 AA 0B 00 01 45 03 0B 05 00 02 2C 01 00 00 36 EB 


[名称]获取2通道目标温度
[请求帧]55 AA 07 00 01 46 03 0B 0A 00 02 F9 81 


[名称]设置1通道目标温度-30度
[请求帧]55 AA 0B 00 01 45 00 0B 05 00 01 B8 0B 00 00 6A 29 

[名称]设置1通道目标温度-60度
[请求帧]55 AA 0B 00 01 A4 00 0B 05 00 01 70 17 00 00 C0 1C 


[名称]获取1通道目标温度
[请求帧]55 AA 07 00 01 46 00 0B 0A 00 01 FD 80 


设置各个通道目标温度上下限
通道1[10,70]
55 AA 0F 00 01 30 00 0B 03 00 01 58 1B 00 00 E8 03 00 00 7C 04

通道2[2,8]
55 AA 0F 00 01 31 03 0B 03 00 02 58 1B 00 00 E8 03 00 00 6D F6 

通道3[10,70]
55 AA 0F 00 01 31 21 0B 03 00 03 20 03 00 00 C8 00 00 00 7D 07

通道4[10,70]
55 AA 0F 00 01 30 20 0B 03 00 04 58 1B 00 00 E8 03 00 00 3C 34

查询1通道目标温度上下限
55 AA 07 00 01 70 00 0B 08 00 01 59 D6

55 AA 06 00 02 70 00 01 08 00 16 29 
55 AA 10 00 03 70 00 01 08 00 00 01 58 1B 00 00 E8 03 00 00 B4 20
查询4通道目标温度上下限
55 AA 07 00 01 71 00 0B 08 00 04 98 04
55 AA 06 00 02 71 00 01 08 00 2B E9 
55 AA 10 00 03 71 00 01 08 00 00 04 00 00 00 00 00 00 00 00 20 4B 

设置各个通道当前温度上下限
通道1[10,75]
55 AA 0F 00 01 00 00 0B 04 00 01 58 1B 00 00 64 00 00 00 8C D0
通道4[10,75]
55 AA 0F 00 01 00 03 0B 04 00 04 58 1B 00 00 64 00 00 00 B6 43


获取所有通道状态
55 AA 06 00 01 72 00 0B 1E 00 41 B8
55 AA 06 00 01 73 00 0B 1E 00 7C 78


55 AA 06 00 02 72 00 01 1E 00 61 89 
55 AA 0F 00 03 72 00 01 1E 00 00 11 00 02 00 04 00 08 00 6B 4A

55 AA 06 00 02 73 00 01 1E 00 5C 49 
55 AA 0F 00 03 73 00 01 1E 00 00 11 00 02 00 04 00 08 00 6B 8B 

获取当前通道PWM
55 AA 07 00 01 74 00 0B 1F 00 01 e8 56
55 AA 07 00 01 75 00 0B 1F 00 02 A9 86
55 AA 07 00 01 76 00 0B 1F 00 03 68 75
55 AA 07 00 01 77 00 0B 1F 00 04 28 66


55 AA 06 00 02 74 00 01 1F 00 E8 19 
55 AA 09 00 03 74 00 01 1F 00 00 01 64 86 4F 

55 AA 06 00 02 75 00 01 1F 00 D5 D9 
55 AA 09 00 03 75 00 01 1F 00 00 02 00 46 98 

获取所有通道的温度值（每个通道温度值以2个字节表示）
55 AA 06 00 01 78 00 0B 20 00 C9 D9
55 AA 06 00 01 79 00 0B 20 00 F4 19

55 AA 06 00 02 78 00 01 20 00 E9 E8 
55 AA 17 00 03 78 00 01 20 00 00 9D 08 00 00 BA 08 00 00 9D 08 00 00 B2 08 00 00 2B 40 

55 AA 06 00 02 79 00 01 20 00 D4 28 
55 AA 17 00 03 79 00 01 20 00 00 A6 08 00 00 BF 08 00 00 9F 08 00 00 B5 08 00 00 24 0E

测试V2的温度保护开关用指令
//B 边 设置当前温度上下限【0，150】
55 AA 0F 00 01 33 00 0B 04 00 01 98 3A 00 00 00 00 00 00 9D 81

//A边  设置当前温度上下限【0，150】
55 AA 0F 00 01 03 00 0B 04 00 04 98 3A 00 00 00 00 00 00 92 E1


//使能目标温度校准功能
55 AA 57 00 01 E0 00 0B 12 00 01 13 00 00 00 23 00 00 00 23 00 00 00 33 00 00 00 33 00 00 00 43 00 00 00 43 00 00 00 53 00 00 00 53 00 00 00 63 00 00 00 63 00 00 00 73 00 00 00 73 00 00 00 83 00 00 00 83 00 00 00 93 00 00 00 93 00 00 00 A3 00 00 00 A3 00 00 00 B3 00 00 00 FC 3F

//不使能目标温度校准功能
55 AA 57 00 01 E1 00 0B 12 00 00 13 00 00 00 23 00 00 00 23 00 00 00 33 00 00 00 33 00 00 00 43 00 00 00 43 00 00 00 53 00 00 00 53 00 00 00 63 00 00 00 63 00 00 00 73 00 00 00 73 00 00 00 83 00 00 00 83 00 00 00 93 00 00 00 93 00 00 00 A3 00 00 00 A3 00 00 00 B3 00 00 00 41 B8


[名称]设置V2冰箱的PID配置参数（4,400，-350,500，-500,3）
55 AA 18 00 01 21 03 0B 1A 00 02 90 01 00 00 90 01 00 00 A2 FE FF FF F4 01 0C FE 03 AD 35

//读取第4通道PID配置参数
55 AA 07 00 01 00 10 0B 1B 00 04 A2 E3

//读取第4通道PID参数